2,2,2,0,1,1,1,1,3s,-1;2,0,0,0,4,1,1,1,1,1;2,0,3,3,4,2,2,2,1,1;4,-1,3,3,4,4,4,2,0,1;4,-1,3,3,1,1,1,2,0,1;4,4,3,0,1,2,2,4,0,1;0,0,3,0,1,2,2,4,0,2;1,0,0,0,0,3,2,4,4,2;1,1,0,-1,0,3,3,3,3,2;-1,1,-1,-1,0,0,0,-1,-1,2;
0,0,0,1,1,1,1,1,1,1;4,0,0,1,4,4,1,1,3s,1;4,4,4,2,4,-1,1,1,1,4;3,3,2,2,4,4,0,2,1,4;0,0,2,3,-1,3,0,2,2,4;0,0,3,3,3,3,0,1,2,4;3,3,3,1,1,1,4,1,1,4;3,0,1,1,4,4,4,1,1,1;-1,0,0,0,0,0,3,1,1,1;-1,0,0,-1,0,3,3,3,-1,1;
3,3,3,3,3,3,2,2,2,1;3,3,3,4,4,3,4,1,1,1;3,3,0,4,3,3,4,4,1,1;2,3,0,4,1,1,2s,4,4,1;2,2,0,-1,1,1,1,4,4,1;2,4,0,0,2,2,2,4,1,1;2,4,4,-1,2,2,2,2,2,3;2,4,2,2,2,2,2,4,2,3;2,4,2,2,2,4,4,4,2,3;1,1,1,1,1,4,2,2,2,2;
0,0,2,2,2,2,2,2,1,4s;0,0,0,0,0,1,-1,2,1,1;0,0,0,0,0,1,1,2,2,1;1,1,1,0,0,3,1,3,2,1;1,1,4,0,0,3,1,3,1,1;4,4,4,0,0,3,3,3,1,1;4,2,0,0,0,3,1,-1,-1,1;0,2,2,2,2,3,1,1,1,1;0,0,0,4,4,4,1,1,2,2;0,0,0,0,0,4,-1,2,2,2;
2,1,1,1,1,3,0,0,0,4s;2,3,3,1,0,3,3,3,0,0;2,2,3,3,0,-1,3,3,3,-1;3,2,3,1,0,0,0,2,3,3;3,3,1,1,3,3,3,2,2,1;3,3,1,1,0,0,4,2,1,1;2,-1,1,1,1,0,4,0,1,4;2,2,2,2,4,0,4,0,1,4;2,2,-1,-1,4,0,0,0,4,4;2,2,4,4,4,-1,0,-1,4,-1;
3,3,4,2,2,2,2,2,2,2;1,3,4,4,4,2,2,2,2,1;1,3,3,2,4,3,3,4s,2,1;1,1,4,2,2,3,3,1,1,1;1,1,4,-1,2,2,3,0,0,0;1,1,4,4,4,2,0,0,0,0;3,1,1,4,4,2,2,-1,0,0;3,1,1,1,4,3,2,2,0,2;3,1,1,2,-1,3,3,3,-1,2;3,3,2,2,2,2,3,-1,-1,2;
0,1,1,1,1,1,3,2,2,1s;0,0,1,1,1,1,3,4,2,-1;0,0,0,1,1,3,3,4,2,2;2,-1,0,1,1,3,4,4,0,-1;2,-1,0,2,2,3,3,4,0,0;2,2,0,2,2,4,3,0,0,3;4,3,3,2,2,4,3,3,-1,3;4,3,3,3,2,4,3,4,3,3;4,4,4,3,2,4,-1,4,3,-1;3,3,3,3,-1,4,-1,4,4,4;
2,0,0,0,1,0,0,0,2,0s;2,2,1,0,1,1,1,0,2,2;0,2,1,0,4,1,1,1,2,2;0,2,1,4,4,1,1,1,2,2;0,0,1,2,4,4,1,1,0,2;0,3,3,2,0,0,0,0,0,3;3,3,3,2,2,3,3,0,0,3;2,3,3,-1,3,3,3,3,0,3;2,2,3,3,-1,3,3,-1,0,3;-1,2,2,3,-1,3,3,-1,-1,3;
2,2,3,3,3,0,0,0,0,3;2,2,3,3,3,3,0,0,0,3;2,3,3,3,0,3,0,4,0,3;2,1s,3,1,0,3,4,4,1,3;2,2,1,1,0,0,4,4,1,3;3,-1,1,0,0,3,4,3,1,3;3,3,3,0,0,3,3,3,1,3;2,3,3,3,0,0,0,0,1,3;2,3,3,0,-1,-1,0,0,-1,3;2,2,-1,0,0,0,0,-1,-1,3;
4,4,4,1,1,2,2,2,1,1;2,4,4,0s,1,-1,2,2,1,1;2,3,3,1,1,2,2,2,1,1;2,2,2,0,2,2,-1,2,1,1;2,2,4,0,0,2,2,3,3,4;2,4,4,0,3,1,1,3,3,4;2,2,4,0,3,-1,1,2,3,4;2,2,4,2,3,1,1,2,2,4;-1,2,2,2,3,3,2,2,2,4;-1,-1,2,2,2,2,2,2,2,-1;
1,1,1,4,3,3,3,2,0,0;3,1,2,4,3,2,3,2,2,0;3,2,2,4,3,2,1s,-1,2,0;3,3,2,4,3,2,2,2,3,3;1,3,2,4,1,4,4,3,3,3;1,3,0,0,1,4,4,4,3,0;1,3,0,1,1,4,4,4,3,0;1,3,0,1,1,1,4,4,2,0;0,0,0,0,1,-1,4,4,2,0;-1,-1,0,-1,1,-1,-1,4,2,2;
3,3,0,0,0,0,3,3,4,4;4,3,3,0,0,0,1,3,4,4;4,3,1,0,2,0,1,3,3,4;4,4,1,1,2,1,1,3,4,4;3,4,1,1,2,2,3,3,3,4;3,3,3,1,2,2,2,1,3,4;4,4,3,1,0,2,1,1,0,0;4,4,4,1,0,1,1,4,2,0;4,4,4,2,0,0,4,4,2,0;4,2,2,2,2,1s,4,4,2,0;
1,1,1,1,3,3,0,0,0,0;3,3,1,4,1s,3,3,2,0,1;3,3,-1,4,4,3,3,2,1,1;1,3,4,4,2,2,3,2,2,1;1,1,3,2,2,2,3,3,2,1;1,-1,3,3,2,2,3,3,3,3;1,3,3,4,4,2,3,3,3,3;3,3,3,1,4,2,3,3,3,-1;-1,1,1,1,4,3,-1,3,3,3;-1,-1,1,3,3,3,3,1,1,1;
1,1,0,0,0,0,0,2,2,2;4,1,1,3,3,3,4,2,0,2;4,1,3,3,4,3,4,4,0,3s;4,1,1,3,4,3,3,4,0,0;4,1,4,3,4,2,1,-1,0,0;4,1,4,4,4,2,1,1,-1,0;0,-1,4,3,3,2,2,1,0,0;0,-1,4,4,3,-1,2,0,-1,0;0,0,0,4,3,3,2,0,0,0;4,4,4,4,4,-1,2,2,2,0;
1,3,3,2,2,2,2,0,0,2;1,1,3,3,2,0,0,0,1s,2;2,1,1,3,2,1,1,2,2,2;2,2,-1,-1,2,3,1,1,2,0;2,2,-1,2,2,3,2,1,2,0;2,2,2,2,3,3,2,2,2,0;2,3,3,3,3,1,2,1,2,1;2,2,3,1,1,1,2,1,1,1;2,-1,3,1,3,3,2,3,3,3;-1,-1,3,3,3,3,3,3,3,-1;
4,2,2,4,4,3,0,1,0,0;4,4,2,1s,4,3,0,1,-1,0;4,4,2,2,4,3,3,1,1,0;4,4,3,3,3,1,1,0,-1,0;2,4,1,3,1,1,1,0,0,2;2,4,1,3,3,3,1,0,2,2;2,4,1,1,1,3,1,0,2,2;2,1,2,2,2,2,1,3,2,2;3,1,1,1,2,1,1,3,2,2;3,3,3,1,4,4,4,3,3,3;
1,3,3,3,1,1,1,1,1,4;1,4,4,3,2,2,1,0,1,4;1,2s,4,3,2,2,1,0,4,4;1,4,4,2,2,0,0,0,4,4;1,2,2,2,3,0,-1,0,4,4;2,2,2,3,3,0,0,0,4,4;2,2,2,3,3,3,2,2,2,2;2,2,2,3,3,4,4,4,2,1;2,2,2,2,3,3,3,4,-1,1;-1,2,2,2,3,3,3,4,-1,1;
1,3,3,3,3,3,2,2,0,0;1,1,3,3,3,3,4,2,2,0;0,1,1,0,0,4,4,2,1,0;0,0,3,0,0,4,3,3,1,0;4,0,3,0,0,4,3,3,1,3;4,0,3,1,1,4,4,3,1,3;4,2,3,1,1,1,4,4,1,3;4,2,3,0,0,4,4,4,2s,3;4,2,2,0,3,-1,-1,4,4,4;1,1,1,0,3,3,3,4,4,4;
1,1,1,1,3,3,3,1,1,0;4,4,1,1,0s,-1,3,4,4,0;4,0,1,1,1,1,3,4,0,0;4,0,0,2,2,2,2,4,0,1;0,0,2,2,2,2,2,4,1,1;2,2,2,3,2,0,2,4,1,1;2,-1,2,3,3,0,-1,4,0,0;2,2,2,4,3,0,0,4,4,0;1,4,4,4,3,0,0,0,-1,0;1,1,1,1,-1,0,0,0,-1,0;
0,0,0,1,3,3,3,3,3,1;2,2,2,1,1,3,3,3,3,1;2,2,2,1,1,1,2,2,3,1;2,2,3,1,1,2,2,4,1,1;2,3,3,1,1,1,1,4,0,0;2,3,4,0s,1,1,1,4,4,0;0,0,4,4,3,1,1,3,4,0;0,0,2,4,3,3,1,3,1,0;2,2,2,1,3,3,1,3,1,1;2,1,1,1,-1,-1,3,3,1,1;
1,4,4,4,1,1,1,1,1,0;1,1,1,4,1,1,1,0,0,0;4,4,2s,4,1,1,1,1,0,4;2,4,4,2,4,4,2,1,0,4;2,4,2,2,-1,4,2,0,0,4;2,2,2,1,4,4,2,0,4,4;4,-1,1,1,3,-1,2,2,2,2;4,1,1,3,3,3,3,2,2,0;4,4,4,3,3,-1,3,-1,0,0;4,4,4,4,3,-1,-1,0,0,-1;
0,0,4,1,1,3,3,3,3,0;0,2,4,0s,1,2,0,0,0,0;0,2,4,-1,1,2,1,1,4,4;-1,2,4,4,3,2,-1,1,4,4;2,2,3,3,3,2,2,1,1,1;1,1,2,2,2,2,0,1,1,1;1,1,1,1,0,0,0,0,1,-1;1,1,0,1,0,0,0,0,1,1;-1,1,0,0,0,0,0,2,2,1;0,0,0,-1,0,-1,2,2,2,1;
0,1,0,0,0,1,0,3,3,2s;0,1,2,2,-1,1,0,0,3,3;0,1,1,2,1,1,3,0,0,3;0,0,3,2,1,1,3,3,1,1;2,3,3,2,1,3,3,1,1,1;2,3,3,2,1,1,-1,1,1,1;2,3,3,2,-1,1,1,1,1,1;2,4,4,2,2,2,1,2,2,2;2,-1,4,2,-1,2,2,2,-1,2;-1,4,4,2,2,2,2,2,-1,-1;
0,0,0,3,0,2,2,2,2,4;0,0,2s,3,0,0,2,2,2,4;1,1,3,3,0,2,2,2,4,4;-1,1,0,3,0,2,0,1,1,4;1,1,0,2,-1,2,0,4,1,4;3,0,0,2,2,2,0,4,1,4;3,3,0,1,4,2,0,4,1,2;3,3,-1,1,4,2,2,4,-1,2;0,0,1,1,4,2,3,4,2,2;0,0,1,4,4,2,3,3,3,2;
4,4,0,3,3,3,3,3,1,3;4,4,0,0,1,1,3,3,1,3;4,2,2,0,0,1,1,3,1,3;4,4,2,2,2,3,2,3,1,3;2,4,4,1,2,3,2,3,1,0;2,2,1,1,2,3,2,3,3,0;2,2,3,1,3,2,2,2,3,0;2,0s,3,1,3,3,3,2,1,0;2,2,3,3,3,0,3,2,1,0;2,2,-1,-1,0,0,0,-1,1,1;
3,3,3,1,3,3,3,4,4,4;1,1,1,1,1,3,2,2,0,4;2s,1,1,1,1,-1,2,0,0,4;1,1,1,-1,1,2,2,0,0,0;1,-1,1,1,1,1,3,0,3,0;1,1,2,2,2,4,3,0,3,3;3,1,1,2,0,4,3,1,3,2;3,-1,0,0,0,4,3,1,3,2;3,3,2,2,2,4,3,1,1,2;3,3,3,3,-1,4,-1,1,1,1;
0,2,2,2,2,3,3,3,3,3;0,3,3,3,2,3,4,4,4,3;0,3,3,4,4,3,3,3,4,4;3,3,4,4,4,2,2,3,3,3;3,1,4,4,4,2,2,0,3,3;0s,1,4,1,-1,2,2,0,3,4;1,1,4,1,2,2,2,0,0,4;3,1,1,1,3,-1,2,2,0,4;3,3,1,-1,3,3,0,2,2,4;-1,3,3,3,3,0,0,0,2,4;
3,2,2,2,2,2,2,1,3,3;3,3,3,2,0s,2,2,1,1,-1;0,3,3,3,2,2,2,2,1,1;0,0,-1,3,3,2,2,0,1,1;4,0,0,4,3,2,0,0,-1,1;4,1,1,4,4,4,0,0,-1,1;4,4,1,4,4,4,0,0,0,1;4,2,1,1,4,4,0,2,3,3;-1,2,2,2,3,3,3,2,3,3;-1,-1,2,-1,3,-1,-1,2,2,2;
0,0,4,4,4,4,3,1,1,1;4,0,2,2,4,4,3,1,1,1;4,4,4,2,1s,4,3,1,1,1;1,1,4,2,2,4,3,3,-1,1;0,1,1,1,1,4,4,3,3,0;0,0,-1,1,1,1,1,3,3,0;0,0,0,1,1,1,1,3,0,0;0,0,0,0,1,4,3,3,3,0;0,0,0,0,-1,4,-1,-1,3,3;0,0,0,0,0,4,4,4,-1,3;
1,1,1,1,1,1,0,0,3,3;4,4,4,1,1,4,1,0,3,3;4,3,4,1,1,4,1,0,4,3;3,3,3,1,1,4,1,1,4,2s;1,3,3,3,3,4,1,1,4,-1;1,1,3,4,3,3,1,1,4,4;3,1,1,4,4,3,3,1,0,-1;3,-1,4,4,3,3,2,-1,0,0;3,3,3,3,2,2,2,0,0,0;-1,3,3,3,-1,2,0,0,0,0;
2,3,3,3,3,3,3,3,3,0;2,3,3,3,3,2,3,2,0,0;2,3,3,3,3,2,3,2,0,0;2,3,1,4,1s,2,1,2,1,1;2,3,1,4,2,2,1,2,1,4;4,1,1,4,3,3,1,2,1,4;4,1,4,4,4,3,1,2,4,4;4,1,4,-1,3,3,2,2,4,2;4,1,4,4,1,1,2,2,2,2;4,1,-1,4,1,1,3,3,3,-1;
1,2s,1,3,1,1,0,0,1,1;1,1,1,3,1,0,0,-1,1,1;1,1,-1,1,1,0,0,0,1,1;2,1,1,3,-1,0,3,3,1,1;2,-1,1,3,-1,0,2,3,3,1;2,2,2,3,3,3,2,3,3,0;2,0,0,0,4,4,2,3,0,0;2,2,0,4,4,3,2,3,3,0;3,2,3,3,3,3,2,3,3,3;3,3,3,-1,3,-1,-1,3,3,-1;
3,3,4,4,4,1,3,3,3,3;3,0,0,1s,4,1,1,3,3,3;3,2,0,0,4,3,1,1,2,2;-1,2,2,0,4,3,3,3,2,2;2,2,2,4,4,1,3,2,2,2;2,2,2,4,4,1,1,1,2,2;2,2,1,1,4,4,4,1,1,2;4,2,-1,1,2,2,4,-1,1,0;4,2,-1,1,2,2,4,1,1,0;4,2,2,1,2,2,2,1,0,0;
1,1,2,2,2,2,0,0,0,0;3,1,1,2,2,3,2,0,0,0;3,3,1,1,2,3,2,0,3,0;1,3,3,1,4s,3,2,2,3,-1;1,1,2,1,3,3,4,2,3,3;1,2,2,3,3,4,4,4,-1,3;1,2,0,4,3,4,-1,4,4,1;3,0,0,4,3,4,4,1,1,1;3,0,-1,4,3,3,-1,3,1,-1;3,3,3,4,4,3,3,3,-1,-1;
3,3,3,3,3,3,3,3,1,1;2,2,3,3,1,3,3,3,3,1;2,4,4,1,1,1,3,3,1,1;2,2,4,2,1,3,3,0,0,3s;4,4,4,2,1,3,4,0,0,0;4,0,0,2,1,1,4,3,3,4;4,4,0,2,2,2,4,4,3,4;4,4,0,2,2,0,2,-1,3,4;4,4,-1,2,2,0,2,2,3,-1;-1,4,-1,2,2,0,2,2,-1,-1;
1,1,1,1,0,2,1,1,4,0s;4,4,2,2,0,2,2,1,4,-1;0,4,4,2,0,2,2,1,4,4;0,0,4,0,0,0,0,1,4,3;4,0,2,2,0,0,0,0,-1,3;4,4,4,2,0,0,0,4,3,3;1,4,1,2,0,4,4,4,3,1;1,1,1,2,2,-1,2,3,1,1;1,1,1,1,2,2,2,3,3,1;0,0,0,1,1,1,1,-1,3,-1;
1,0,0,0,1,0,0,0,0,0;1,1,1,1,1,0,3,3,0,3;2,2,0s,1,1,0,0,3,3,3;0,2,2,3,1,2,2,3,3,3;0,2,0,3,3,3,2,2,2,2;0,1,0,0,0,3,2,3,2,2;0,1,-1,0,0,0,3,3,2,2;0,1,1,1,0,0,3,2,2,2;4,4,3,3,3,0,3,3,3,3;-1,4,4,4,3,3,1,1,1,-1;
1,1,1,1,3,0,0,0,1,1;4,4,1,3,3,0,0,0,1,1;4,0,0,3,4,0,4,0,1,1;4,0,3,3,4,0,4,4,1,2;4,0,3,4,4,0,4,4,1,2;3,2s,3,4,1,1,0,0,1,2;3,3,3,1,1,0,0,3,1,2;3,2,2,1,0,0,0,3,2,2;3,3,2,3,3,0,0,3,2,2;-1,2,2,3,3,0,-1,2,2,-1;
3,1s,3,3,3,3,4,4,3,3;3,3,3,3,3,3,0,4,4,4;3,3,3,1,3,3,0,0,0,0;2,2,-1,1,1,0,0,0,0,0;2,2,2,1,1,0,0,2,0,0;2,2,4,1,0,0,1,2,2,0;2,0,4,1,1,1,1,-1,2,0;2,0,4,4,4,1,1,1,2,0;0,0,1,4,4,1,1,1,1,1;1,1,1,4,4,1,-1,1,1,1;
1,0,0,0,0,3,3,3,4,4;1,1,1,1,0,3,1,3,4,4;0,2,2,2,1,4s,1,-1,4,4;0,0,0,-1,1,1,1,1,4,2;3,0,0,1,1,2,1,1,-1,2;3,3,0,0,0,2,2,1,1,2;0,3,2,0,1,2,2,1,2,2;0,3,2,1,1,1,1,2,2,2;0,-1,2,1,1,1,3,3,2,2;-1,-1,2,2,1,1,-1,3,3,3;
3,3,4,2,2,2,2,0,3,3;3,3,4,3,1,1,0,0,0,3;4,3,4,3,3,1,1,3,3,3;4,4,4,3,3,1,1,3,1,1;4,4,4,4,4,1,1,3,3,1;4,4,4,4,0,1,1,3,3,1;4,4,4,4,0,1,1,3,3,1;4,4,4,0,0,1,1,1,3,3;2,2,4,4,4,4,4,4,4,3;2,2,2,4,4,4,4,3s,-1,3;
4,1,3,3,3,3,1,3,4,4;4,1,3,0,1,1,1,3,3,3;4,1,2,0,2s,1,1,4,-1,4;4,1,2,0,0,3,1,4,4,4;4,1,2,0,2,3,1,1,4,0;1,3,2,2,2,3,1,4,4,0;1,3,2,2,3,3,2,4,0,0;1,3,2,2,2,2,2,4,1,1;1,0,2,0,0,0,2,1,1,1;1,0,0,0,0,1,1,1,1,-1;
1,1,0,0,4,4,4,4,1s,-1;3,1,1,0,4,4,4,4,4,4;3,1,1,0,3,1,1,1,1,4;3,1,1,0,3,1,1,1,2,4;3,3,1,3,3,1,2,2,2,4;3,3,1,3,3,4,4,2,4,4;3,3,3,3,3,3,4,3,2,2;4,4,4,4,0,4,4,3,3,2;3,3,-1,0,0,4,3,3,-1,2;3,3,3,0,-1,4,4,4,-1,2;
4,4,3,3,3,3,1,1,4,4;3,4,3,3,0,3,3,1,4,4;3,4,2s,0,0,3,3,1,1,4;3,3,0,0,4,-1,4,3,4,4;2,2,4,-1,4,4,4,3,4,3;2,2,4,4,0,0,-1,3,-1,3;2,2,1,4,4,0,0,2,3,3;2,-1,1,1,1,1,1,2,-1,3;2,2,3,1,-1,-1,1,2,2,-1;-1,2,3,3,3,3,1,-1,2,-1;
0,0,0,0,0,3,3,3,3,4;0,0,0,0,0,3,3,3,2,4;1,1,1,0,3,3,0,4s,2,4;1,1,0,0,1,-1,0,-1,2,-1;1,1,0,0,1,1,0,0,2,2;1,1,0,0,1,1,3,0,2,2;4,3,3,0,1,1,3,3,3,2;4,3,3,0,1,1,1,3,3,2;4,4,4,0,0,4,4,3,-1,2;0,0,0,0,0,0,4,3,3,-1;
1,1,1,1,3,2,2,2,1,4;3,3,1,0s,3,3,2,1,1,4;2,3,3,3,3,4,2,1,1,4;2,3,3,4,4,4,2,1,1,4;2,2,3,4,4,4,4,2,1,4;2,0,3,3,2,4,4,2,1,1;0,0,1,-1,2,4,4,2,2,1;-1,0,1,2,2,4,4,2,-1,1;1,1,1,2,1,1,1,2,2,1;4,4,4,4,4,1,-1,2,-1,-1;
2,2,4,4,3,3,3,3,0,1;2,0,3,4,4,4,1,1,0,1;2,0,3,3,4,3s,1,1,1,1;2,0,3,3,4,4,4,1,2,1;2,0,1,1,4,-1,4,3,2,-1;2,0,3,1,4,4,-1,3,2,-1;-1,-1,3,1,2,4,4,3,2,2;3,3,3,1,2,2,2,3,0,-1;0,0,0,0,2,-1,2,3,0,-1;3,3,3,0,2,-1,2,2,0,0;
1,1,1,1,1,3,3,3,4,4;1,1,1,1,1,3,0,3,4,0s;1,1,1,1,1,1,0,3,4,4;2,-1,1,1,-1,1,0,3,3,3;2,2,-1,1,1,3,0,1,3,-1;2,4,1,1,1,3,0,1,1,1;2,4,-1,1,1,3,4,4,4,4;2,4,4,4,1,3,3,4,3,2;2,2,4,4,4,2,2,-1,3,2;2,-1,4,4,2,2,-1,-1,3,2;
3,3,3,1,1,1,4,2,2,2;4,0s,1,1,4,4,4,4,2,3;4,4,4,2,4,4,0,0,-1,3;4,4,2,2,4,4,0,0,0,3;4,2,2,4,4,4,4,4,3,3;4,2,4,4,1,1,-1,4,2,2;1,2,4,-1,1,1,4,4,2,-1;1,2,-1,1,1,1,1,1,2,2;1,2,2,3,1,1,1,1,4,4;1,1,-1,3,3,3,-1,4,4,4;
0,0,0,2,2,4,4,4,4,3;4,0,0,2,2,0,0,0,4,3;4,0,0,1,2,1,2,0,3,3;4,4,2,1,0s,1,2,0,3,2;1,1,2,1,1,1,2,2,2,2;1,-1,2,0,1,2,2,4,4,4;1,2,2,0,4,4,4,4,4,4;1,4,1,0,0,4,0,4,4,4;-1,4,1,0,-1,0,0,4,1,1;4,4,1,1,-1,-1,0,0,1,1;
3,3,0,2,2,0,0,3,3,3;1,1,0,0,2,2,0,0,0,0;4,1,1,2,2,1,1,4,0,0;4,1,1,2,2,4,1,4,0,1;4,2,1,2,2,4,1,4,1,1;0s,2,1,1,2,4,1,4,1,1;-1,2,1,2,2,4,4,1,1,1;2,2,1,1,1,1,1,1,1,4;3,-1,1,-1,1,1,0,4,4,4;3,3,3,3,0,0,0,0,4,-1;
1,1,1,1,1,4,4,0,0,0;1,1,1,2,1,0,4,4,0,0;1,1,1,2,2,0,4,2,2,4s;4,-1,1,4,2,0,2,2,2,2;4,4,4,4,4,2,2,2,2,2;3,3,3,4,2,2,0,2,0,2;3,3,3,4,2,2,0,0,0,2;3,3,3,2,2,2,4,4,4,2;3,3,3,2,0,2,4,3,3,2;-1,-1,3,0,0,0,4,3,3,3;
4,4,4,4,1,1,1,2,2,4s;4,2,2,2,2,4,1,0,2,2;3,3,2,3,3,4,4,0,0,-1;2,3,1,-1,3,3,4,0,0,0;2,3,1,1,3,3,4,0,2,-1;2,2,2,1,4,3,3,0,2,2;2,0,2,4,4,0,1,0,2,4;0,0,2,4,-1,0,1,0,2,4;0,2,2,4,0,0,1,1,0,4;0,2,2,2,2,-1,1,0,0,0;
3,0,0,0,1,1,0,4,4,4;3,3,3,1,1,0,0,0,4,4;0,3,3,1,1,2,2,0,4,4;0,2s,3,3,1,1,2,3,4,4;0,0,1,1,1,0,2,3,3,4;0,0,1,1,0,0,-1,3,3,-1;0,0,4,1,0,0,0,4,3,-1;0,0,4,1,0,0,0,4,3,3;0,0,4,4,2,2,4,4,3,-1;0,-1,4,-1,2,2,2,4,-1,-1;
4,4,4,4,2,2,0,1,1,1;1,4,1s,4,4,-1,0,1,1,1;1,4,4,4,-1,0,0,4,1,1;1,1,4,4,4,4,-1,4,1,1;2,1,0,4,-1,4,4,4,4,3;2,2,0,-1,4,4,2,4,3,3;2,2,0,0,0,-1,2,3,3,3;2,2,0,0,2,2,2,3,2,2;2,2,2,0,0,3,3,3,-1,2;1,1,1,3,3,3,3,3,-1,2;
1,2,2,2,1,3,0,0,0,1;1,1,1,2,1,3,3,3,3,1;2,1,1,2,1,3,3,3,1,1;2,1,1,2,1,3,3,3,2,2;2,1,1,1,1,3,3,3,2,2;2,3,3,1,0,3,3,3,3,4;2,3,3,0,0,0,0,4,4,4;0,3,3,3,0,2,0,2s,4,3;0,3,1,3,-1,2,0,0,-1,3;0,-1,1,1,1,2,2,2,3,3;
4,4,4,1,1,1,1,4,4,4;0,4,4,4,1,3,2s,4,3,3;0,-1,4,4,1,3,-1,4,3,-1;0,0,0,1,1,3,3,3,3,3;2,2,2,2,1,3,3,3,3,4;1,2,2,2,2,2,3,4,4,4;1,2,2,4,4,4,3,3,3,1;1,2,2,2,2,4,4,3,3,1;4,4,4,2,2,2,2,-1,-1,1;-1,-1,4,2,2,2,2,-1,1,1;
0,0,4,4,0,0,4,1,1,3s;2,0,1,1,1,0,4,3,1,1;2,0,1,1,1,0,4,3,3,0;2,0,1,1,1,0,4,4,3,0;2,1,1,1,1,2,2,2,3,0;-1,1,4,-1,2,2,2,2,0,0;-1,1,4,4,2,2,2,2,0,0;1,1,2,4,-1,-1,2,0,0,1;2,2,2,2,2,2,2,2,1,1;1,1,1,1,1,2,2,2,-1,1;
2,2,4,4,4,4,1,0,0,0;2,2,4,1,0s,-1,1,1,1,1;4,2,-1,1,1,1,4,4,4,4;4,4,4,3,0,0,0,0,0,4;2,2,2,3,3,0,3,4,4,4;-1,2,2,2,3,0,3,3,3,4;2,2,2,2,2,0,0,0,3,2;2,2,2,3,2,0,0,0,3,2;2,2,2,3,2,2,2,1,3,2;4,4,4,3,3,-1,-1,1,1,1;
1,1,1,1,3,3,3,0,0,0;1,1,1,3,3,1,3,3,1,0;1,3,3,3,3,1,3,1,1,0;1,1,1,3,3,1,4,4,1,3;0,4s,1,3,0,1,1,4,1,3;0,0,1,1,0,-1,-1,4,3,3;3,0,1,1,0,0,0,1,1,3;3,0,2,1,0,0,-1,-1,1,2;3,-1,2,1,1,0,0,1,1,2;3,3,2,2,1,-1,0,2,2,2;
2,2,3,1,3,0,0,0,0,0;2,2,3,1,3,3,3,3,1,3s;2,2,3,1,1,1,0,1,1,-1;2,4,3,0,0,0,0,1,1,1;2,4,4,0,0,0,0,1,1,1;0,-1,4,0,0,0,0,1,-1,1;0,0,4,2,2,2,2,2,1,1;0,2,2,0,2,2,2,2,-1,1;0,2,-1,0,2,2,2,2,2,-1;2,2,-1,0,2,2,2,-1,2,-1;
4,1,1,1,1,3,3,4,4,3s;4,0,0,4,1,-1,3,2,4,4;4,4,0,4,4,4,3,2,4,1;2,4,0,0,4,1,3,2,2,1;2,2,0,0,1,1,2,1,2,1;1,2,1,0,0,1,2,1,1,-1;1,2,1,0,0,1,2,1,1,1;1,1,1,0,-1,1,2,1,1,1;1,1,1,0,0,1,1,1,1,1;1,1,1,1,0,1,1,0,0,0;
1,1,1,0,0,3,3,3,3,4;1,1,1,4s,0,4,3,4,4,4;2,1,1,1,0,4,4,4,2,2;2,3,3,3,-1,4,4,2,2,0;2,3,3,3,-1,4,4,0,0,0;3,3,3,3,3,4,4,0,0,3;2,3,3,1,3,3,4,0,3,3;2,3,1,1,1,3,2,0,1,3;2,3,0,0,3,3,2,0,1,-1;2,-1,0,0,-1,2,2,0,1,1;
3,3,3,1,1,1,1,3,4,4;3,3,2,2,4s,1,-1,3,2,4;0,3,3,2,2,1,3,3,2,4;0,4,3,-1,1,1,3,2,2,0;0,4,-1,1,1,2,-1,-1,2,0;0,4,4,2,2,2,2,0,0,0;4,1,1,2,3,2,0,0,0,0;4,4,1,2,3,2,3,0,0,0;4,4,1,3,3,3,3,0,-1,0;1,1,1,1,3,-1,3,3,-1,-1;
0,3,2,2,2,3,3,3,1,0s;0,3,3,3,2,2,3,-1,1,1;0,0,0,3,3,3,3,1,1,0;0,0,3,3,3,3,3,2,0,0;2,0,0,2,3,1,3,2,0,3;2,2,0,2,3,1,3,2,0,3;2,4,2,2,2,1,2,2,3,3;2,4,-1,2,2,1,4,-1,3,0;2,4,2,2,4,1,4,4,0,0;2,2,2,-1,4,4,4,4,0,0;
4,4,4,1,4,4,4,0,3,3;0,3s,4,1,4,1,0,0,0,3;0,0,4,1,1,1,0,0,0,0;0,3,-1,1,0,1,1,0,0,4;2,3,3,0,0,0,1,1,0,4;2,-1,3,4,-1,0,1,0,0,4;2,-1,3,4,4,-1,1,0,4,4;2,2,3,3,4,4,1,2,2,2;1,1,1,3,3,-1,-1,2,2,-1;-1,-1,1,-1,3,2,2,2,2,2;
2,2,2,2,4,1,1,1,1,4;2,2,0,2,4,3s,-1,1,1,4;2,0,0,3,4,-1,1,1,4,4;2,2,2,3,4,4,2,2,2,4;1,1,2,3,3,3,3,3,3,3;1,1,3,3,0,3,3,3,0,0;1,1,1,1,0,3,3,3,1,0;1,4,-1,-1,0,0,2,1,1,0;3,4,4,4,2,2,2,1,4,4;3,3,3,4,-1,2,-1,4,4,4;
0,0,0,3,3,3,1,1,4,1s;1,-1,0,0,2,2,1,1,4,-1;1,1,0,0,2,1,-1,1,4,4;1,0,0,-1,2,1,1,2,2,4;1,0,0,0,2,1,1,2,1,1;4,0,2,2,-1,1,1,2,2,1;4,1,2,2,-1,1,0,2,2,1;4,1,2,2,2,-1,0,0,2,1;4,1,1,4,2,0,0,-1,2,-1;4,4,4,4,4,4,-1,-1,2,-1;
4,4,4,4,2,2,2,2,4,0s;0,4,-1,4,4,2,2,2,4,4;0,0,0,2,4,2,2,2,2,4;0,0,2,2,2,2,2,2,4,1;0,1,1,2,2,2,4,4,4,1;0,0,1,1,2,2,3,3,1,1;0,2,2,1,2,3,3,3,1,1;2,2,2,2,2,3,3,3,1,1;0,2,0,0,0,3,3,2,1,-1;0,0,0,0,0,2,2,2,2,-1;
1,1,1,2,2,2,3,3,4,4;0,1,1,2,2,2,2,3,4,4;0,1,1,1,2,2,0,3,4,4;0,0,0,1,2,0,0,3,2s,4;0,0,0,0,0,0,3,3,4,4;3,3,3,3,3,3,1,3,1,4;1,-1,3,3,3,3,1,3,1,-1;1,1,0,1,1,1,1,1,1,1;-1,1,0,0,2,2,1,1,-1,1;-1,1,0,-1,-1,2,2,1,-1,-1;
2,1,1,1,1,3,3,4,2,2;2,2,4,2s,1,3,4,4,1,2;2,4,4,4,3,3,0,4,1,2;2,4,4,-1,3,-1,0,1,1,2;2,4,4,4,3,3,0,1,2,2;2,3,3,2,2,0,0,2,2,2;0,-1,3,3,2,0,2,2,2,2;0,0,3,2,2,0,0,2,2,0;-1,0,3,2,2,0,-1,2,2,0;-1,0,3,3,2,0,-1,0,0,0;
0,0,2,2,3,4,4,4,4,3;2,0,0,2,3,3,3,4,3,3;2,1s,0,2,4,4,4,1,-1,3;2,2,2,2,2,-1,4,1,1,1;2,0,2,2,2,2,4,2,1,0;3,0,2,2,2,2,2,2,-1,0;3,0,-1,2,4,2,2,2,2,0;3,2,2,2,4,2,2,2,2,0;-1,2,4,4,4,1,2,-1,2,0;-1,2,1,1,1,1,-1,2,2,-1;
2,2,2,4,0,4,2,2,2,1;3,2,4,4,0,4,3,4s,1,1;3,2,4,0,0,4,3,3,3,0;3,2,4,0,4,4,1,1,3,0;3,2,2,0,3,3,1,4,0,0;3,0,0,0,3,3,1,4,4,4;2,2,0,4,-1,3,1,0,0,4;2,4,4,4,4,4,3,0,0,0;2,4,4,4,4,3,3,3,3,-1;4,4,4,4,-1,-1,3,3,3,3;
3,3,3,3,4,4,4,4,4,4;2,3,0,4,4,4,4,2,2,4;2,2,0,0,4,4,4,4,2,3;3,2,0,3,4,4,1,1,2,3;3,3,0,3,3,3,1,1,2,3;1,3,3,3,2s,3,1,4,-1,3;1,1,0,0,3,3,1,4,4,3;1,4,0,1,1,1,1,2,4,-1;4,4,0,-1,1,1,-1,2,4,-1;-1,4,4,1,1,-1,-1,2,2,2;
3,1,1,1,1,3,0,0,0,4;3,3,2,2,1,3,3,0,4,4;3,3,2,2,0,4,3,3,0s,4;0,0,2,0,0,4,4,3,3,2;0,2,0,0,0,0,4,4,3,2;0,2,0,0,0,3,-1,-1,3,2;0,2,2,2,3,3,3,3,0,0;2,4,4,4,1,-1,0,0,0,2;2,2,2,4,1,1,1,2,2,2;3,3,3,4,-1,-1,1,-1,2,-1;
1,1,2,2,0,2,2,2,3,3;4s,1,2,2,0,0,2,2,2,3;1,1,2,2,0,2,2,4,3,3;4,4,2,2,0,2,-1,4,4,2;4,4,2,2,1,1,4,4,4,2;1,4,0,-1,1,-1,4,-1,4,2;1,1,0,0,1,1,1,4,4,2;3,1,0,2,-1,1,1,0,0,0;3,1,2,2,2,2,1,0,0,0;3,1,1,1,1,-1,1,0,0,0;
0,0,0,0,0,0,0,0,3,1;0,2,0,2,2,0,2s,0,3,1;0,2,2,2,2,0,0,0,3,1;0,4,2,4,2,0,-1,3,3,0;4,4,4,4,4,0,3,3,-1,0;1,2,4,2,4,0,0,2,0,0;1,2,2,2,2,2,3,2,2,-1;1,2,2,2,2,-1,3,3,2,2;2,2,-1,2,2,3,3,0,-1,0;2,2,2,2,2,-1,-1,0,0,0;
3,3,3,3,0,0,0,2,2,3;2,2,2,0,0,0,0,2,2,3;3,1,2,2,0,0,0,3,3,3;3,1,1,1,3,3,3,3,3,4;3,1,4s,1,1,3,3,0,3,4;3,3,1,1,4,3,0,0,4,4;2,2,2,3,4,0,0,4,-1,4;2,2,-1,3,4,0,4,4,4,4;3,3,3,3,0,0,0,3,1,1;3,3,3,-1,-1,3,3,3,3,1;
0,0,2,2,2,1,1,1,0,3s;-1,0,0,1,2,1,0,-1,0,0;0,0,0,1,2,1,0,0,-1,0;3,0,0,1,1,1,1,0,0,0;3,3,3,4,4,4,0,0,0,-1;4,4,4,4,2,2,0,0,0,-1;4,4,4,4,2,0,0,0,0,0;2,4,4,0,2,2,0,0,1,2;2,2,4,0,2,2,2,0,1,2;-1,2,-1,0,-1,2,-1,-1,1,2;
2,3,3,2,2,2,2,3,3,3;2,2,3,3,4,2,0,3,3,3;3,2,2,3,4,1s,0,3,3,3;3,1,1,1,4,4,0,3,4,-1;3,1,3,1,4,4,0,-1,4,4;3,3,3,4,4,4,0,4,4,0;3,3,4,4,3,4,3,3,-1,0;0,-1,4,1,3,3,3,3,3,0;0,0,4,1,3,3,3,3,3,0;0,-1,-1,1,1,1,3,-1,3,0;
3,3,3,4,4,4,4,4,0,0;3,0,3,4,3,4,2,2,0,0;4,0,1,1,3,3,3,2,0,3;4,0,2,1,3,3,0,2,2,3;4,0,2,1,3,1s,0,0,0,3;4,0,2,3,3,0,0,0,4,4;4,4,2,1,3,0,1,0,4,-1;2,2,2,1,1,1,1,0,4,4;2,2,1,1,3,3,1,0,0,-1;2,1,1,1,3,3,3,0,0,-1;
4,4,4,1,4,4,4,4,1,1;3,3,4,1,4,1,0s,1,1,2;3,-1,4,1,1,1,1,4,-1,2;3,3,1,1,4,4,4,4,2,2;0,0,1,-1,4,4,1,1,2,0;0,-1,1,1,4,4,1,3,0,0;0,0,1,1,1,1,1,3,-1,0;3,-1,-1,1,1,1,-1,3,-1,0;3,3,3,1,4,1,1,3,3,4;1,1,1,1,4,4,4,4,4,4;
1,2,2,2,1,1,1,1,4,0s;1,1,2,2,2,1,4,-1,4,4;1,1,2,2,2,2,4,-1,4,0;1,1,2,2,1,2,4,4,4,0;3,1,3,2,1,1,-1,4,3,0;3,3,3,2,4,1,1,3,3,0;1,0,0,0,4,-1,3,3,1,1;1,1,0,-1,4,4,4,1,1,2;-1,1,0,0,0,4,4,1,2,2;-1,1,-1,-1,4,4,4,-1,2,2;
2,1,1,0,1,1,4,4,4,0s;2,1,1,0,1,3,3,3,4,4;2,1,0,0,1,3,3,3,3,-1;2,0,0,0,2,3,3,2,3,3;3,3,0,2,2,3,3,2,2,0;3,2,0,3,2,3,2,2,-1,0;3,2,2,3,3,3,2,0,0,0;3,4,2,2,3,2,2,2,2,-1;-1,4,4,1,1,1,-1,2,2,2;4,4,-1,1,-1,1,-1,-1,2,-1;
4,0,0,4,4,1,1,1,2,3;4,4,0,4,2,2,2,1,2,3;1,4,4,4,4,4,0,0,2,3;1,4,4,1s,4,4,4,0,2,0;1,1,4,4,4,4,4,0,2,0;1,2,4,3,4,4,3,0,1,0;1,2,3,3,3,4,3,3,1,-1;1,2,2,2,2,2,3,3,1,1;1,2,2,2,2,2,2,3,3,1;-1,2,-1,2,3,3,3,-1,3,3;
1,1,4,4,3,3,3,3,0,0;1,1,1,4,4,4,0,0,0,2;2,2,2,2,3,3,3,3,2,2;3,3,3,2,3,3,4,3,3,2;3,4,3,2,2,1s,4,-1,3,3;2,4,4,4,2,2,4,4,2,-1;2,2,2,4,2,2,4,-1,2,2;0,2,1,1,2,2,4,2,2,-1;0,0,1,1,0,2,4,4,4,4;0,0,-1,1,0,0,0,0,-1,-1;
0,0,0,0,3,3,3,2,2,4;0,1,1,0,0,1,3,4s,2,4;0,1,0,0,1,1,1,1,2,4;0,1,1,4,2,2,2,2,2,4;0,0,3,4,4,4,1,2,4,4;0,3,3,3,4,1,1,-1,4,4;-1,3,3,3,2,1,1,1,1,4;3,3,0,-1,2,1,1,0,-1,4;2,2,0,2,2,1,3,0,0,0;2,2,0,0,2,3,3,3,-1,0;
3,3,3,3,1,1,2,2,2,1;3,1,1,1,4,1,1,3,2,1;4,3s,1,2,4,3,-1,3,2,1;4,4,4,2,4,3,3,3,1,1;1,2,4,2,4,3,3,3,1,1;1,2,3,2,4,3,3,3,1,1;1,2,3,2,2,2,3,3,3,3;1,2,3,2,2,2,3,0,0,-1;1,2,2,2,2,2,3,3,0,0;1,-1,-1,2,2,2,-1,3,-1,0;
2,2,4,2,2,4,4,4,2,1;2,2,4,2,2,2,1,4,2,1;2,2,4,3,4s,1,1,2,2,1;2,2,2,3,3,3,2,2,2,-1;2,2,2,1,3,-1,2,2,2,-1;0,-1,2,1,-1,-1,2,2,2,2;0,2,2,1,1,2,2,1,1,2;0,2,2,2,2,4,4,4,1,1;0,0,2,0,0,4,2,2,3,3;-1,0,0,0,-1,4,2,2,3,3;
3,3,3,2,2,0,0,0,0,1;2,3,3,1,1,0,0,0,0,1;2,3,3,3,1,1,0,2,2,1;2,1s,3,3,1,1,0,-1,2,2;2,2,2,3,3,1,1,2,2,2;1,-1,2,2,1,1,1,2,2,2;1,2,2,2,2,2,1,4,4,4;1,4,4,2,3,2,1,1,4,3;4,4,2,2,3,-1,-1,3,3,3;3,3,3,3,3,3,3,-1,3,-1;
0,0,4,4,0,0,4,0,2,2;2,0,4,4,0,2,4,0,0,2;2,3,4,1,0,2,4,4,2,2;2,3,1,1,1,2,2,2,1,1;1,4s,1,1,3,3,1,1,1,1;1,1,1,3,3,3,1,1,1,1;1,1,1,1,-1,3,-1,1,1,0;4,4,4,1,1,3,3,1,-1,0;-1,4,4,4,1,3,3,-1,0,0;-1,4,4,4,4,3,3,3,0,-1;
4,2,2,2,2,2,1,1,3,3;4,0,2,2,2,2,2,1,1,1;4,0,0,0,0,3s,2,2,2,2;3,0,1,2,0,0,2,2,0,1;3,3,1,2,2,-1,2,2,0,1;3,-1,1,2,2,2,2,2,0,1;0,1,1,2,2,2,2,2,0,0;0,2,3,3,2,2,0,0,4,-1;0,2,2,3,3,-1,0,4,4,4;2,2,-1,3,-1,-1,0,-1,-1,4;
4,0,0,0,0,0,0,0,1s,-1;4,4,4,4,3,0,0,0,0,0;3,1,1,-1,3,3,0,3,1,1;3,-1,1,3,3,2,2,3,-1,1;3,3,1,4,1,2,3,3,1,1;1,3,-1,4,1,2,3,3,3,3;1,1,4,4,1,1,3,2,2,4;1,1,1,1,0,1,1,2,4,4;1,2,1,-1,0,0,1,2,4,-1;1,2,2,2,0,-1,1,-1,4,-1;
4,0s,4,3,0,0,0,0,0,0;4,4,4,3,3,3,3,4,1,0;1,1,1,1,4,4,4,4,1,0;4,1,-1,4,4,4,1,3,1,0;4,2,4,4,2,2,1,3,1,1;4,2,3,2,2,1,1,3,1,-1;4,2,3,1,1,1,1,0,1,1;2,2,3,1,2,2,1,0,2,1;2,-1,3,3,-1,2,-1,0,2,1;2,2,2,-1,2,2,2,2,2,-1;
4,4,4,4,1,1,1,1,0,3s;4,4,4,4,1,1,4,-1,0,0;0,1,-1,4,1,1,4,-1,0,0;0,1,1,-1,1,1,4,4,2,0;0,1,1,1,1,1,2,2,2,0;0,1,2,2,-1,-1,2,2,-1,0;4,1,-1,2,-1,2,2,2,0,0;4,1,-1,2,2,3,3,3,3,4;4,4,4,3,3,3,3,1,3,4;1,1,1,-1,3,1,1,1,4,4;
1,1,1,1,4,4,4,4,0,4s;1,1,1,1,4,4,1,1,0,0;1,1,1,4,4,4,1,-1,0,0;1,1,1,4,1,0,1,1,4,4;1,1,1,-1,1,0,4,4,4,2;1,1,1,1,1,0,0,0,-1,2;1,3,3,3,1,0,1,0,2,2;1,-1,-1,3,1,-1,1,0,-1,2;1,1,1,3,1,-1,1,0,0,-1;0,0,0,-1,1,1,1,1,-1,-1;
1,1,1,3,3,3,3,3,2,2;3,4s,1,1,2,0,0,0,-1,2;3,3,3,3,2,2,0,0,0,2;1,3,0,3,-1,2,0,2,2,0;1,0,0,3,3,2,-1,2,0,0;1,1,0,2,2,2,2,2,0,0;1,2,2,2,0,2,0,0,0,0;1,4,4,0,0,2,0,-1,0,0;1,1,4,0,3,2,2,0,0,-1;-1,-1,4,0,3,3,3,3,-1,-1;
0,1,3,3,3,1,2,2,2,1;0,1,1,2,2,1,1,2,2,1;0,3s,1,1,1,1,2,2,2,1;0,0,0,1,1,1,4,1,2,2;0,0,0,1,1,-1,4,1,1,2;0,0,0,1,1,1,4,4,1,2;0,0,3,4,4,1,0,4,1,2;2,2,3,-1,4,4,0,0,1,2;2,-1,3,3,4,1,0,-1,1,2;2,2,3,1,1,1,0,1,1,-1;
1,0,0,0,0,0,2,1,2,2;1,1,1,1,4,1s,2,1,1,2;1,1,3,4,4,-1,1,1,4,2;1,1,3,-1,4,4,2,4,4,2;2,-1,3,3,4,4,2,0,4,-1;2,-1,3,4,4,3,2,0,0,-1;2,2,4,4,3,3,3,2,0,0;2,4,4,2,1,1,3,2,4,-1;-1,4,4,2,1,0,0,2,4,4;-1,-1,2,2,1,0,0,-1,-1,4;
3,3,3,3,3,0,4,4,4,4;3,3,3,3,3,0,0,0,2,4;2,3,3,3,3,1,1,3,2,2;2,2,4,3,3,1,1,3,2,2;2,1,4,3,3,2,0s,3,2,2;2,1,4,4,2,2,3,3,2,3;2,1,1,4,0,2,0,3,3,3;2,3,1,1,0,0,0,2,1,1;2,3,-1,1,0,0,0,2,2,1;2,3,-1,1,-1,-1,0,2,1,1;
2,2,2,2,4,4,3,3,3,2;1,2,4,4,4,4,4,4,3,2;1,1,1,3,4,4,2,2,2,2;1,2,2,3,0,0,2,2,2,4;1,3,3,3,1,0,4,4,2,4;1,4,4,0,1,0,0,4,4,4;4,4,4,0,1,1,2,4,4,4;3,3,0,0,1,2,2,4,4,3;3,3,0,2,2,2,2,4,4,3;0,0,0,2,0s,-1,2,3,3,3;
1,1,1,3,0,0,0,0,0,2;1,1,3,3,3,3,3,2,2,2;0s,-1,3,2,2,3,3,4,2,0;3,3,3,2,2,2,3,4,4,0;1,2,2,2,2,2,3,3,4,0;1,1,1,1,2,1,1,-1,4,4;1,1,1,0,2,1,1,1,-1,4;2,1,1,0,0,0,0,0,4,4;2,2,1,1,0,0,-1,0,0,-1;-1,2,0,0,0,0,-1,0,-1,-1;
1,1,0,3,3,3,2,2,0,1;1,0,0,3,0s,3,2,2,0,1;1,0,0,3,3,4,2,0,0,1;1,0,0,0,3,4,4,2,2,1;0,0,0,0,1,1,4,2,-1,1;0,0,0,0,1,1,4,2,2,0;-1,0,2,1,1,1,2,2,0,0;0,0,2,0,1,1,0,2,2,0;1,1,2,0,-1,1,0,2,3,-1;1,1,-1,0,0,0,0,3,3,3;
3,2,2,0,0,0,0,3,3,4s;3,3,4,4,0,0,-1,3,3,3;3,2,4,4,0,0,0,2,2,-1;3,2,4,4,4,0,0,-1,2,2;2,2,4,4,2,-1,0,0,2,2;2,3,4,4,2,0,0,1,1,2;3,3,4,-1,2,1,-1,1,1,2;3,3,3,2,2,1,-1,1,1,2;3,3,1,1,1,1,1,1,1,2;3,1,1,1,-1,-1,1,-1,1,-1;
1,0,0,3,3,3,3,1,1,0s;1,1,0,3,3,-1,3,4,1,-1;1,1,0,3,3,3,3,4,1,1;1,1,-1,3,3,3,4,4,2,3;1,1,1,2,1,3,4,4,2,3;3,-1,2,2,1,1,1,4,2,3;3,3,1,2,2,1,1,4,2,2;3,2,1,2,-1,-1,1,1,2,2;-1,2,1,2,2,2,4,1,-1,2;-1,2,1,-1,4,4,4,4,2,2;
1,1,1,2,4,2,2,2,2,2;2,0,1,2,4,4,0s,2,2,2;2,0,2,2,4,1,2,2,2,2;2,2,2,3,4,1,-1,-1,2,2;3,3,4,3,3,1,1,1,4,4;4,3,4,-1,3,3,3,3,4,4;4,3,4,4,4,3,3,3,-1,4;4,3,4,4,4,4,3,3,3,4;4,2,2,2,4,3,3,3,4,4;4,2,2,-1,3,3,3,3,-1,4;
0,0,4,4,4,4,0,0,0,1;0,0,0,1,4,4,4,0,0,1;2,2,1,1,1,4,4,2s,1,1;2,2,2,2,1,4,4,4,2,0;2,2,2,2,3,3,4,-1,2,0;4,4,4,-1,3,3,3,2,2,0;1,1,4,4,0,3,3,3,2,0;1,1,1,-1,0,3,3,2,2,0;1,1,-1,0,0,3,3,3,2,-1;1,1,1,2,2,2,3,2,2,-1;
1,1,1,4,3,1,1,1,1,1;1,2,1,4,3,3,4,2,2,2;1,2,3s,4,3,2,4,4,4,2;1,2,2,4,1,2,3,4,0,2;1,2,4,4,1,2,3,3,0,-1;4,1,4,-1,1,2,2,3,0,0;4,1,4,4,1,2,-1,3,0,1;4,1,4,2,1,2,2,-1,-1,1;4,4,2,2,-1,2,2,1,1,1;1,1,1,2,2,1,1,1,-1,-1;
1,1,0,0,0,3,0,0,0,0;3,3,0,0,2s,3,3,0,1,0;3,3,3,3,3,2,3,0,1,1;3,4,-1,-1,2,2,3,0,0,2;3,4,4,2,2,0,0,1,0,2;3,4,4,4,3,0,-1,1,2,2;2,4,1,4,3,0,0,1,1,2;2,-1,1,4,3,2,2,1,0,0;2,2,1,3,3,3,2,2,0,0;-1,2,1,1,1,1,2,0,0,0;
1,1,4,4,4,4,4,2,4,4;1,1,1,0,0,0,2,2,2,2;2,4,4,0,0,0,0,2,2,2;2,0s,4,4,0,3,0,2,2,2;2,2,2,4,3,3,2,2,2,2;2,-1,2,2,2,3,4,4,4,4;2,2,2,0,2,4,4,4,4,3;4,4,4,0,2,2,1,-1,4,3;3,3,0,0,3,3,1,1,3,3;3,3,0,3,3,1,1,-1,3,-1;
3,0,0,4,4,4,4,3,1,1;3,3,0,3,3,4,3,3,3,1;3,3,0,0,3,3,3,3,4s,1;3,3,4,2,3,3,3,3,3,1;3,2,4,2,3,3,0,1,1,1;3,2,4,2,3,3,0,1,1,1;3,2,2,2,2,3,0,0,1,1;4,0,0,0,3,3,0,0,2,2;4,0,2,2,3,-1,0,0,0,2;4,4,2,2,2,-1,-1,0,2,2;
4,4,3,3,3,1,1,0,1,4s;0,4,4,4,2,1,1,0,1,1;0,0,0,2,2,1,3,0,-1,1;0,0,2,3,2,-1,3,0,0,1;0,4,2,3,2,3,3,2,2,1;0,4,2,3,3,2,3,2,-1,1;-1,4,2,3,0,2,2,2,2,1;4,4,2,0,0,0,2,4,3,3;3,3,3,3,0,2,2,4,3,3;3,3,-1,3,3,2,2,4,4,4;
3,3,0,0,2,2,2,2,0,0;3,3,2s,0,3,1,1,4,0,0;3,3,0,0,3,-1,1,4,4,0;3,3,3,3,3,-1,1,1,4,0;2,1,1,-1,3,3,2,2,2,0;2,2,1,1,4,4,2,2,0,0;2,2,0,0,4,4,2,2,0,0;2,-1,0,0,4,2,2,0,0,0;2,2,0,0,2,2,2,0,-1,0;-1,2,0,0,2,2,-1,0,0,0;
3,3,4,0,0,0,0,3,3,0;4,3,4,4,2,0,3,3,1s,0;4,3,2,4,2,2,3,3,0,0;4,3,2,4,2,2,2,3,0,1;2,2,2,2,2,0,2,2,-1,1;0,0,0,0,0,0,0,-1,1,1;0,0,0,0,0,0,0,0,4,1;0,2,2,2,0,2,3,0,4,4;0,-1,2,2,2,2,3,4,4,2;-1,2,2,-1,3,3,3,2,2,2;
1,1,1,3,3,4,4,4,4,4;1,1,1,1,3,1s,4,4,4,4;2,1,1,1,3,3,3,4,0,-1;2,2,0,1,-1,-1,3,-1,0,0;2,2,0,1,1,1,3,3,2,0;3,3,0,4,4,0,1,-1,2,2;3,4,4,4,3,0,1,2,2,2;3,4,4,3,3,0,1,1,2,2;2,4,4,4,3,0,1,0,2,2;2,2,2,2,-1,-1,0,0,0,-1;
3,3,4,4,4,1,1,2,2,1;1,3,2,2,3,4s,1,2,-1,1;1,3,3,2,3,1,1,2,2,1;1,1,-1,2,3,3,3,3,3,1;-1,1,1,1,2,3,2,2,2,2;1,1,1,1,2,0,1,1,1,1;3,1,-1,1,2,0,0,0,1,1;3,1,1,2,2,0,0,0,1,1;3,2,1,0,0,0,0,0,1,1;3,2,2,2,2,-1,0,0,1,-1;
3,3,3,3,3,3,0,0,2,2;4,3,3,3,3,1s,-1,0,2,0;4,4,2,2,3,3,0,0,2,0;0,4,4,2,2,3,4,0,0,0;0,1,1,2,4,4,4,2,4,4;0,0,1,1,4,4,2,2,2,4;0,1,-1,1,4,4,0,2,1,4;1,1,1,4,4,4,0,1,1,4;3,-1,1,4,-1,4,0,-1,1,-1;3,3,3,4,-1,-1,0,-1,1,-1;
4,4,2,2,0,0,0,1,2,2;0,4,4,1,0,0,4s,1,2,4;0,-1,1,1,0,0,-1,1,2,4;0,-1,1,2,2,0,1,1,2,4;0,0,1,2,2,4,4,-1,4,4;3,3,-1,-1,2,3,4,4,4,1;2,3,3,3,2,3,3,1,1,1;2,2,2,2,2,3,3,1,1,1;2,2,-1,-1,2,2,0,1,0,-1;2,2,2,2,-1,-1,0,0,0,-1;
3,3,3,4,1,1,3,3,4,2;3,2,3,4,4,1,3,3,4,2;0s,2,1,4,4,1,3,3,4,2;2,2,1,-1,4,3,3,3,2,2;0,-1,1,1,4,3,3,3,3,1;0,0,1,3,4,4,3,4,3,1;0,0,-1,3,4,4,4,4,3,1;0,0,3,3,3,3,3,3,3,1;-1,0,3,3,3,4,3,3,3,1;-1,0,-1,-1,4,4,4,3,3,3;
3,3,3,3,4,3,3,2,2,2;3,3,0,4,4,1,3,3,2,2;3,3,0,1,0s,1,2,2,2,2;3,3,0,1,1,1,2,2,-1,2;3,3,0,1,1,1,1,2,2,2;3,0,0,1,1,2,2,2,2,-1;3,3,0,0,1,1,-1,2,2,2;0,0,0,0,0,0,0,3,2,2;0,0,0,0,0,3,3,3,2,2;0,0,0,0,3,3,3,3,2,2;
3,3,3,4,4,4,4,4,1,1;0,3,3,4,1,4,4,2s,1,1;0,3,3,3,1,2,4,4,1,1;0,0,3,0,1,2,2,2,1,1;1,0,0,0,1,3,2,2,2,-1;1,-1,0,0,3,3,2,2,2,2;1,1,1,3,3,3,1,2,2,2;1,1,0,3,3,3,1,1,1,2;1,1,0,3,-1,3,3,-1,1,2;1,-1,0,0,0,-1,3,3,-1,2;
3,1,1,1,2,2,4,2,2,2;3,1,1,1,1,2,4,4,4,1;1,1,2,2,1,4,4,4,3s,1;1,1,1,2,2,2,4,0,1,1;0,0,1,2,2,4,4,0,0,2;-1,0,2,2,2,2,2,3,0,2;0,0,2,2,2,2,3,3,0,2;3,1,1,-1,2,2,-1,3,2,2;3,3,1,1,2,2,2,3,4,4;3,-1,-1,1,-1,-1,2,-1,4,4;
3,3,3,3,3,3,1,1,1,0;3,4,3,3,3,3,1,3,0,0;3,4,4,0,0,0,0,3,4,0;3,3,4,4,0,0,3,3,4,0;3,1,1,1,4s,0,-1,3,4,4;3,1,1,1,1,0,0,4,4,2;3,3,1,2,2,2,0,-1,4,2;3,4,1,0,2,0,0,4,4,2;-1,4,1,0,0,-1,0,0,2,2;-1,4,4,-1,0,-1,-1,0,2,2;
3,3,3,3,3,3,4,3,0s,3;3,3,3,4,3,1,4,3,3,3;3,4,4,4,3,1,4,4,4,1;3,2,-1,2,3,1,1,4,-1,1;2,2,2,2,3,-1,1,4,4,1;2,1,1,1,3,3,4,4,4,4;2,-1,1,4,3,3,3,0,0,4;2,2,-1,4,4,3,-1,0,0,4;4,-1,4,4,3,3,3,4,4,4;4,4,4,3,3,3,3,4,4,-1;
1,1,1,2,2,2,2,4,4,4;1,1,1,1,2,3,3,4,4,4;1,1,1,1,2,3,3,4,4,2;2,1,1,4s,2,3,3,4,-1,2;2,1,1,-1,2,3,3,3,-1,2;2,1,1,1,3,3,2,2,2,2;2,2,0,0,3,-1,2,0,0,0;1,0,0,-1,3,2,2,0,-1,0;1,0,0,3,3,4,4,0,-1,0;1,1,0,0,0,4,4,0,0,-1;
3,4,4,4,4,4,2,0,1s,0;3,3,3,3,2,4,2,0,0,0;1,2,3,3,2,4,2,2,0,2;1,2,3,3,2,2,-1,-1,0,2;1,2,2,1,2,3,0,0,0,2;3,3,3,1,-1,3,3,1,1,2;0,1,1,1,1,1,3,3,1,1;0,0,1,1,0,3,3,3,1,-1;0,0,1,2,0,3,3,3,3,3;-1,2,2,2,0,0,0,-1,-1,3;
1,1,1,3,3,3,1,4,1,3s;1,1,1,1,1,1,1,4,1,1;1,1,1,-1,1,1,4,4,1,4;2,1,1,1,1,4,4,4,4,4;2,2,1,2,1,-1,4,4,4,4;2,1,1,2,1,1,2,0,0,-1;1,1,1,2,1,4,2,2,0,-1;2,1,1,2,4,4,3,2,0,0;2,2,1,-1,-1,4,3,2,3,3;2,2,1,1,1,-1,3,3,3,3;
0,1s,0,3,3,3,2,2,2,2;0,0,0,4,4,3,0,2,2,2;0,4,4,4,1,1,0,0,0,2;0,0,0,4,1,1,1,0,0,2;3,1,1,4,1,1,1,0,0,4;3,1,1,-1,-1,1,1,2,0,4;3,1,1,1,1,4,1,2,0,4;3,2,2,4,1,4,1,2,2,4;-1,2,2,4,4,4,1,2,2,2;-1,-1,2,4,-1,1,1,2,2,2;
0,0,4,4,3,3,3,3,3,2s;1,0,1,4,4,4,1,3,3,3;1,2,1,1,3,2,1,3,3,1;1,2,1,1,3,2,1,3,-1,1;1,2,2,2,3,2,3,3,1,1;4,2,2,3,3,2,0,0,1,-1;4,4,4,2,-1,2,0,0,0,0;0,0,4,2,2,4,0,0,0,4;0,0,4,4,2,4,4,4,4,4;-1,0,4,4,3,3,3,3,4,-1;
0,0,0,3,3,3,1,1,2,2;3,3,0,0,3,3,4,1,1,2;3,2,2,0,4s,-1,4,4,1,2;3,4,-1,0,0,0,4,4,3,3;4,4,4,2,2,4,4,4,4,3;0,1,2,2,2,2,2,4,3,3;0,1,1,1,2,2,2,2,0,-1;0,-1,1,1,2,2,1,2,0,-1;0,0,1,1,2,2,1,2,0,0;3,3,3,1,2,2,1,1,1,0;
1,0,0,3,0,0,0,1,1,1;1,1,0,3,3,2,2,2,2,1;1,1,0,1,3,2,1,1,2,4;1,1,3s,1,-1,2,1,1,2,4;1,1,1,1,2,2,1,2,4,4;2,1,3,-1,1,1,1,2,2,-1;2,-1,3,3,0,0,-1,2,2,-1;2,3,3,0,0,1,2,2,2,2;2,0,0,0,0,1,1,1,1,0;2,0,-1,-1,0,-1,0,0,0,0;
2,2,2,3,3,2,2,2,1,1;3,3,2,2,3,3,2,2,1,1;3,3,4,4,4,3,4,1,1,1;3,3,4,4,3,3,4,4,3s,1;3,3,3,3,3,3,3,4,4,1;1,3,3,0,0,3,2,0,0,-1;1,1,1,1,0,2,2,2,0,0;3,3,3,0,0,2,-1,2,3,0;3,3,3,3,2,2,2,2,3,-1;-1,3,3,2,2,2,3,3,3,-1;
3,3,4,1,2,2,2,3,3,3;1,3,4,1,1,1,2,2,3,3;1,3,4,2s,1,1,2,3,3,3;1,3,4,4,4,1,2,2,3,1;1,2,2,-1,4,4,2,2,2,1;1,4,2,2,4,4,2,-1,-1,1;1,4,4,2,0,-1,2,-1,1,1;1,1,4,0,0,0,2,2,4,-1;1,1,-1,1,0,3,4,4,4,4;-1,1,1,1,-1,3,3,3,3,-1;
0,0,0,4,4,4,4,4,1,0s;0,3,0,-1,4,4,4,4,1,1;0,3,0,0,2,2,2,1,1,3;0,3,0,4,2,2,2,2,2,3;4,4,4,4,2,2,2,4,3,3;3,4,4,4,2,2,2,4,3,4;3,-1,4,3,4,1,-1,4,4,4;3,3,3,3,4,1,1,4,2,4;3,3,3,1,4,1,-1,4,2,4;-1,1,1,1,4,1,-1,2,2,-1;
1,1,0,0,4,2s,4,3,3,0;1,1,0,0,4,4,4,3,0,0;1,0,0,0,0,4,3,3,0,2;0,0,2,2,2,4,4,-1,0,2;2,2,4,4,2,4,4,2,2,2;1,2,4,4,-1,4,4,1,1,1;1,2,2,4,4,4,0,1,1,1;1,0,0,3,4,2,0,1,1,1;1,0,0,3,3,2,0,0,1,1;-1,-1,3,3,2,2,-1,0,1,1;
2,2,2,2,3,3,3,3,3,3;0,0,2,0,1,0,0,3,3,3;0,0,0,0,1,1,0,3,3,3;0,0,0,2,2,1,0,4,3,3;0,3,0,0,2,1,4,4,4,3;3,3,2,0,2,2,4,2,4,4;3,1,2,2,2,3s,4,2,4,4;-1,1,3,3,2,4,4,2,2,4;1,1,3,4,4,4,3,3,2,4;1,-1,3,4,4,3,3,3,3,3;
1,1,1,4,0,0,0,4,4,1;1,2,1,4,0,3s,0,4,-1,1;0,2,4,4,0,0,0,4,4,1;0,2,2,4,0,1,0,1,1,1;0,0,4,4,0,1,-1,1,0,0;2,-1,4,1,0,1,1,1,1,0;2,2,4,1,0,1,1,1,0,0;2,2,4,1,1,1,1,1,1,-1;2,2,0,0,1,3,3,1,1,-1;-1,2,2,0,0,0,3,3,1,1;
2,2,4,2,2,2,2,3,3,3;1,2,4,4,4,1,2,0s,3,3;1,2,4,4,4,1,1,1,3,3;1,2,4,0,0,2,0,0,0,3;1,1,4,-1,0,2,2,1,0,2;0,-1,4,0,0,0,2,1,0,2;0,0,0,0,0,0,2,1,2,2;1,1,1,3,0,0,0,2,2,2;1,1,4,3,0,1,-1,1,2,-1;4,4,4,3,0,1,1,1,2,2;
3,3,3,3,3,2,2,0,0,4;1,1,1,3,3,4s,2,2,0,4;2,2,1,1,3,3,2,4,0,0;2,4,0,0,0,1,4,4,4,1;2,4,1,0,0,1,1,4,1,1;4,4,1,-1,1,1,1,1,1,1;2,4,1,1,3,-1,1,-1,1,1;2,-1,-1,1,3,3,3,3,0,0;2,2,2,0,2,2,2,-1,0,-1;0,0,0,0,-1,-1,2,0,0,-1;
2,2,0,0,0,1,0,0,0,1;1,2,2,2,4,1,1,0,0,1;1,2,1s,2,4,4,1,1,1,1;1,4,2,2,4,0,1,-1,1,1;-1,4,2,2,2,0,0,0,1,1;4,4,4,2,2,2,1,0,3,-1;1,4,4,4,4,1,1,1,3,3;1,-1,4,-1,4,0,-1,0,3,3;1,1,2,4,4,0,0,0,-1,3;1,2,2,2,4,-1,-1,3,3,3;
3,2,2,2,1,1,0,0,0,4;3,3,2,2,1,0,0,3,4,4;2,0s,2,2,1,1,-1,3,3,4;2,2,2,-1,1,1,3,3,2,2;2,0,2,1,1,1,2,-1,2,1;2,0,2,3,2,2,2,2,2,1;2,0,2,3,3,3,1,1,2,1;2,2,2,2,3,0,1,1,1,1;2,2,2,2,0,0,1,1,1,-1;2,2,2,2,2,0,0,1,-1,-1;
1,1,3,3,0,1,1,4,3s,-1;1,1,3,4,0,-1,1,4,4,4;2,1,3,4,0,0,1,1,1,0;2,1,3,4,1,0,1,1,1,0;2,1,4,4,1,1,2,1,0,0;2,1,1,1,1,2,2,0,0,4;3,3,0,0,2,2,2,3,0,4;3,0,0,4,2,-1,3,3,0,4;3,2,2,4,2,3,3,3,0,4;3,2,2,4,-1,3,3,3,-1,4;
1,1,1,3,2,2,2,2,2,2;1,1,3,3,3,3,1,3,3,2;0,3,3,0s,3,0,1,1,-1,2;0,0,3,3,-1,0,0,1,1,2;2,0,2,-1,0,0,0,4,4,2;2,0,2,2,2,-1,0,-1,4,4;2,1,-1,2,2,-1,0,0,4,2;1,1,1,2,2,2,0,4,4,2;2,1,4,4,-1,2,3,3,4,2;2,2,2,4,4,4,3,3,2,2;
3,3,3,3,3,2,2,0,1,1;4,4,4,4,2,2,2,0,1,1;4,0,4,3,3,3,3,0,0,1;4,0,4,0,0,0,0,3,0,1;3,0,4,1,1,0,4,3,3,1;3,0,4,2s,1,4,4,3,1,1;3,0,4,4,1,4,1,1,1,1;3,3,4,4,1,1,1,1,1,1;3,3,3,4,4,3,3,3,3,0;-1,3,-1,4,4,-1,0,0,0,0;
2,2,2,2,1,1,1,2,2,2;4,3s,2,2,1,1,1,1,2,2;4,4,2,2,1,2,1,1,2,2;4,-1,2,2,2,2,1,2,2,2;4,-1,2,1,-1,2,1,2,1,-1;0,2,2,1,-1,2,2,2,1,1;0,2,-1,1,1,2,2,2,-1,1;0,2,2,3,1,3,2,2,2,0;2,2,1,3,-1,3,3,0,0,0;1,1,1,3,3,3,3,1,1,1;
1,0,0,0,0,1,1,1,0,0;1,0,0,0,0,1,2,1,1,0;1,1,4,4,4,1,2,1,0,0;1,1,3,4,4,0,2,1,2,1;1,1,3,1s,0,0,2,0,2,1;1,1,3,3,2,0,-1,0,2,1;1,1,-1,-1,2,0,0,0,2,1;2,0,2,2,2,2,2,2,2,1;2,0,0,0,2,2,0,0,1,1;2,2,0,2,2,2,2,0,0,1;
2,1,1,1,2,2,4,4,4,4;2,2,1,1,1,2,4,1,3,3;2,2,1,1,1,2,0,1,1,4s;2,-1,1,1,1,2,0,3,1,1;2,2,1,1,1,1,0,3,4,4;3,2,2,1,0,1,1,3,4,4;3,3,3,1,0,0,1,3,3,0;2,3,3,1,0,3,1,-1,-1,0;2,3,3,3,3,3,-1,0,0,0;2,2,2,-1,-1,3,3,1,1,1;
1,1,0,0,0,1,0,0,2,2;1,1,3,3,0,1,1,0,0,2;1,3,3,3,0,0,1,2,0,2;1,0s,1,3,-1,0,1,2,4,2;1,1,1,3,-1,0,2,2,4,2;0,0,0,3,3,-1,2,2,4,2;0,0,0,3,3,2,2,4,2,2;1,0,0,2,3,-1,2,4,4,2;1,1,1,2,3,3,2,4,4,2;-1,-1,1,2,3,-1,2,2,2,2;
4,4,4,3,1,1,1,1,4,2;4,4,2,3,2s,1,4,-1,4,2;-1,2,2,3,3,1,4,4,4,2;2,2,2,-1,3,1,4,1,2,2;4,2,2,1,1,1,3,1,1,1;4,2,2,2,2,3,3,3,3,3;4,2,2,2,2,3,3,2,2,3;0,2,3,3,2,0,0,4,2,2;0,2,-1,3,3,0,-1,4,2,-1;0,0,0,3,-1,0,-1,4,4,-1;
0,0,4,4,4,2,2,0,3,4s;0,0,1,-1,4,2,0,0,3,-1;4,0,1,1,2,2,0,0,0,0;4,4,0,1,2,2,0,0,3,3;4,4,0,2,2,4,0,0,3,3;4,4,0,0,2,4,-1,0,0,3;4,4,0,0,0,4,4,1,0,0;4,2,0,0,2,2,0,1,0,0;-1,2,0,0,2,2,0,1,1,0;-1,2,0,0,2,-1,0,0,-1,-1;
